{
 "cells": [
  {
   "cell_type": "code",
   "execution_count": null,
   "metadata": {},
   "outputs": [],
   "source": [
    "%load_ext autoreload\n",
    "%autoreload 2"
   ]
  },
  {
   "cell_type": "code",
   "execution_count": null,
   "metadata": {},
   "outputs": [],
   "source": [
    "%matplotlib inline\n",
    "import csv\n",
    "import matplotlib as mpl\n",
    "import matplotlib.pyplot as plt\n",
    "import networkx as nx\n",
    "import numpy as np\n",
    "import pandas as pd\n",
    "import random\n",
    "import time\n",
    "from IPython.display import set_matplotlib_formats\n",
    "from itertools import islice"
   ]
  },
  {
   "cell_type": "code",
   "execution_count": 3,
   "metadata": {},
   "outputs": [
    {
     "name": "stdout",
     "output_type": "stream",
     "text": [
      "[44, 45, 88, 131, 174, 217, 218, 219, 262, 305, 348, 349, 392, 393, 436, 437, 438, 439, 440, 483, 526, 527, 528, 529, 572, 615, 658, 659, 702, 745, 746, 747, 748, 749, 750, 751, 752, 795, 796, 797, 840, 883, 884, 885, 886, 887, 888, 889, 890, 933, 976, 1019, 1020, 1063, 1106, 1149, 1192, 1235, 1278, 1279, 1322, 1323, 1366, 1367, 1410, 1453, 1454, 1497, 1540, 1583, 1584, 1627, 1628, 1671, 1714, 1757, 1800, 1801, 1802, 1803, 1804]\n",
      "[44, 45, 88, 131, 174, 217, 218, 219, 262, 305, 348, 349, 392, 393, 436, 437, 438, 439, 440, 483, 526, 527, 528, 529, 572, 615, 658, 659, 702, 745, 746, 747, 748, 749, 750, 751, 752, 795, 796, 797, 840, 883, 884, 885, 886, 887, 888, 889, 890, 933, 976, 1019, 1020, 1063, 1106, 1149, 1192, 1235, 1278, 1279, 1322, 1323, 1366, 1367, 1410, 1453, 1454, 1497, 1540, 1583, 1584, 1627, 1628, 1671, 1714, 1757, 1758, 1801, 1802, 1803, 1804]\n",
      "0.46466779708862305\n"
     ]
    }
   ],
   "source": [
    "def k_shortest_paths(G, source, target, k, weight=None):\n",
    "    return list(\n",
    "        islice(nx.shortest_simple_paths(G, source, target, weight=weight), k)\n",
    "    )\n",
    "\n",
    "G=nx.Graph()\n",
    "G.add_weighted_edges_from([(44,45,0.920335),(44,87,0.782507),(45,44,0.920335),(45,46,0.923491),(45,88,0.680857),(46,45,0.923491),(46,47,1.28049),(46,89,1.2597),(47,46,1.28049),(47,48,0.837098),(47,90,0.672298),(48,47,0.837098),(48,49,0.760293),(48,91,0.723263),(49,48,0.760293),(49,50,1.10449),(49,92,0.686677),(50,49,1.10449),(50,51,1.30379),(50,93,0.940901),(51,50,1.30379),(51,52,1.24142),(51,94,1.30544),(52,51,1.24142),(52,53,1.24904),(52,95,1.16894),(53,52,1.24904),(53,54,1.18748),(53,96,1.11099),(54,53,1.18748),(54,55,0.730069),(54,97,1.20631),(55,54,0.730069),(55,56,0.945523),(55,98,0.82225),(56,55,0.945523),(56,57,0.959709),(56,99,0.99349),(57,56,0.959709),(57,58,0.996654),(57,100,1.29831),(58,57,0.996654),(58,59,0.892518),(58,101,1.04863),(59,58,0.892518),(59,60,0.800929),(59,102,0.707056),(60,59,0.800929),(60,61,0.824909),(60,103,1.04704),(61,60,0.824909),(61,62,1.10288),(61,104,1.12428),(62,61,1.10288),(62,63,1.22771),(62,105,1.03061),(63,62,1.22771),(63,64,0.901256),(63,106,0.96443),(64,63,0.901256),(64,65,0.828681),(64,107,0.72605),(65,64,0.828681),(65,66,0.79416),(65,108,1.10044),(66,65,0.79416),(66,67,1.15097),(66,109,1.2694),(67,66,1.15097),(67,68,1.32349),(67,110,0.796779),(68,67,1.32349),(68,69,0.958494),(68,111,0.88491),(69,68,0.958494),(69,70,1.06159),(69,112,1.2834),(70,69,1.06159),(70,71,0.71372),(70,113,1.28013),(71,70,0.71372),(71,72,1.29029),(71,114,0.973602),(72,71,1.29029),(72,73,1.22905),(72,115,0.923377),(73,72,1.22905),(73,74,1.11895),(73,116,1.03814),(74,73,1.11895),(74,75,1.20164),(74,117,0.68202),(75,74,1.20164),(75,76,0.977021),(75,118,1.13632),(76,75,0.977021),(76,77,0.710638),(76,119,0.740832),(77,76,0.710638),(77,78,0.893555),(77,120,1.28856),(78,77,0.893555),(78,79,0.83208),(78,121,0.993005),(79,78,0.83208),(79,80,1.03076),(79,122,0.811277),(80,79,1.03076),(80,81,0.759499),(80,123,1.23411),(81,80,0.759499),(81,82,0.763031),(81,124,0.829625),(82,81,0.763031),(82,83,0.903927),(82,125,1.05652),(83,82,0.903927),(83,84,1.23167),(83,126,0.950217),(84,83,1.23167),(84,127,1.20469),(87,44,0.782507),(87,88,1.04719),(87,130,1.12287),(88,45,0.680857),(88,87,1.04719),(88,89,1.06753),(88,131,1.08807),(89,46,1.2597),(89,88,1.06753),(89,90,0.915096),(89,132,1.10156),(90,47,0.672298),(90,89,0.915096),(90,91,0.993374),(90,133,1.09308),(91,48,0.723263),(91,90,0.993374),(91,92,0.859203),(91,134,1.2975),(92,49,0.686677),(92,91,0.859203),(92,93,0.738562),(92,135,1.03346),(93,50,0.940901),(93,92,0.738562),(93,94,1.12185),(93,136,1.08765),(94,51,1.30544),(94,93,1.12185),(94,95,0.865021),(94,137,0.719586),(95,52,1.16894),(95,94,0.865021),(95,96,1.00507),(95,138,0.9218),(96,53,1.11099),(96,95,1.00507),(96,97,0.885849),(96,139,0.839569),(97,54,1.20631),(97,96,0.885849),(97,98,1.09485),(97,140,1.13308),(98,55,0.82225),(98,97,1.09485),(98,99,1.28934),(98,141,1.27114),(99,56,0.99349),(99,98,1.28934),(99,100,1.12285),(99,142,1.18953),(100,57,1.29831),(100,99,1.12285),(100,101,1.32237),(100,143,0.870799),(101,58,1.04863),(101,100,1.32237),(101,102,0.966041),(101,144,1.18957),(102,59,0.707056),(102,101,0.966041),(102,103,1.16237),(102,145,1.23902),(103,60,1.04704),(103,102,1.16237),(103,104,0.747674),(103,146,1.20484),(104,61,1.12428),(104,103,0.747674),(104,105,1.14287),(104,147,0.840101),(105,62,1.03061),(105,104,1.14287),(105,106,0.788542),(105,148,1.00922),(106,63,0.96443),(106,105,0.788542),(106,107,1.26997),(106,149,0.916401),(107,64,0.72605),(107,106,1.26997),(107,108,1.32906),(107,150,1.01088),(108,65,1.10044),(108,107,1.32906),(108,109,1.22241),(108,151,0.983125),(109,66,1.2694),(109,108,1.22241),(109,110,0.756677),(109,152,0.726508),(110,67,0.796779),(110,109,0.756677),(110,111,0.901207),(110,153,1.11515),(111,68,0.88491),(111,110,0.901207),(111,112,1.07443),(111,154,1.10474),(112,69,1.2834),(112,111,1.07443),(112,113,1.08583),(112,155,0.752119),(113,70,1.28013),(113,112,1.08583),(113,114,1.14506),(113,156,1.15761),(114,71,0.973602),(114,113,1.14506),(114,115,1.0083),(114,157,1.14351),(115,72,0.923377),(115,114,1.0083),(115,116,0.916233),(115,158,0.688792),(116,73,1.03814),(116,115,0.916233),(116,117,0.732322),(116,159,1.24234),(117,74,0.68202),(117,116,0.732322),(117,118,0.739687),(117,160,0.731982),(118,75,1.13632),(118,117,0.739687),(118,119,1.07483),(118,161,1.32002),(119,76,0.740832),(119,118,1.07483),(119,120,1.2619),(119,162,1.11842),(120,77,1.28856),(120,119,1.2619),(120,121,1.27082),(120,163,0.824919),(121,78,0.993005),(121,120,1.27082),(121,122,1.0633),(121,164,0.763713),(122,79,0.811277),(122,121,1.0633),(122,123,1.07204),(122,165,0.918544),(123,80,1.23411),(123,122,1.07204),(123,124,0.768405),(123,166,1.3026),(124,81,0.829625),(124,123,0.768405),(124,125,0.895314),(124,167,0.786604),(125,82,1.05652),(125,124,0.895314),(125,126,0.679091),(125,168,1.08256),(126,83,0.950217),(126,125,0.679091),(126,127,0.96134),(126,169,1.2713),(127,84,1.20469),(127,126,0.96134),(127,170,0.720728),(130,87,1.12287),(130,131,1.15577),(130,173,1.14034),(131,88,1.08807),(131,130,1.15577),(131,132,1.31903),(131,174,0.732708),(132,89,1.10156),(132,131,1.31903),(132,133,1.11809),(132,175,0.79835),(133,90,1.09308),(133,132,1.11809),(133,134,0.75209),(133,176,1.32422),(134,91,1.2975),(134,133,0.75209),(134,135,1.304),(134,177,1.00572),(135,92,1.03346),(135,134,1.304),(135,136,0.912474),(135,178,0.78434),(136,93,1.08765),(136,135,0.912474),(136,137,0.868196),(136,179,0.793824),(137,94,0.719586),(137,136,0.868196),(137,138,0.934559),(137,180,1.286),(138,95,0.9218),(138,137,0.934559),(138,139,1.29512),(138,181,1.27028),(139,96,0.839569),(139,138,1.29512),(139,140,0.755538),(139,182,1.22561),(140,97,1.13308),(140,139,0.755538),(140,141,1.00018),(140,183,0.93176),(141,98,1.27114),(141,140,1.00018),(141,142,1.332),(141,184,0.782359),(142,99,1.18953),(142,141,1.332),(142,143,0.81016),(142,185,0.981784),(143,100,0.870799),(143,142,0.81016),(143,144,0.942473),(143,186,1.10417),(144,101,1.18957),(144,143,0.942473),(144,145,0.890712),(144,187,1.05557),(145,102,1.23902),(145,144,0.890712),(145,146,1.02534),(145,188,1.08809),(146,103,1.20484),(146,145,1.02534),(146,147,0.689364),(146,189,1.15471),(147,104,0.840101),(147,146,0.689364),(147,148,1.0803),(147,190,1.11437),(148,105,1.00922),(148,147,1.0803),(148,149,0.92735),(148,191,0.687101),(149,106,0.916401),(149,148,0.92735),(149,150,0.715783),(149,192,1.0765),(150,107,1.01088),(150,149,0.715783),(150,151,0.835605),(150,193,1.22867),(151,108,0.983125),(151,150,0.835605),(151,152,1.10801),(151,194,0.957418),(152,109,0.726508),(152,151,1.10801),(152,153,0.796726),(152,195,1.30457),(153,110,1.11515),(153,152,0.796726),(153,154,1.1818),(153,196,0.984416),(154,111,1.10474),(154,153,1.1818),(154,155,1.16555),(154,197,1.16944),(155,112,0.752119),(155,154,1.16555),(155,156,0.728681),(155,198,0.957121),(156,113,1.15761),(156,155,0.728681),(156,157,1.33029),(156,199,1.24201),(157,114,1.14351),(157,156,1.33029),(157,158,1.22186),(157,200,1.21246),(158,115,0.688792),(158,157,1.22186),(158,159,0.755121),(158,201,1.10492),(159,116,1.24234),(159,158,0.755121),(159,160,1.27385),(159,202,1.17873),(160,117,0.731982),(160,159,1.27385),(160,161,0.997543),(160,203,1.15075),(161,118,1.32002),(161,160,0.997543),(161,162,0.684377),(161,204,0.930346),(162,119,1.11842),(162,161,0.684377),(162,163,0.968088),(162,205,0.673116),(163,120,0.824919),(163,162,0.968088),(163,164,1.10531),(163,206,0.733451),(164,121,0.763713),(164,163,1.10531),(164,165,0.985995),(164,207,1.16485),(165,122,0.918544),(165,164,0.985995),(165,166,1.28344),(165,208,1.15178),(166,123,1.3026),(166,165,1.28344),(166,167,1.2655),(166,209,0.901057),(167,124,0.786604),(167,166,1.2655),(167,168,1.18452),(167,210,1.1657),(168,125,1.08256),(168,167,1.18452),(168,169,0.89056),(168,211,0.929793),(169,126,1.2713),(169,168,0.89056),(169,170,1.15534),(169,212,1.02341),(170,127,0.720728),(170,169,1.15534),(170,213,1.04021),(173,130,1.14034),(173,174,1.18128),(173,216,0.98995),(174,131,0.732708),(174,173,1.18128),(174,175,0.989498),(174,217,1.10489),(175,132,0.79835),(175,174,0.989498),(175,176,0.986874),(175,218,0.878155),(176,133,1.32422),(176,175,0.986874),(176,177,0.692812),(176,219,1.31383),(177,134,1.00572),(177,176,0.692812),(177,178,1.05494),(177,220,0.81511),(178,135,0.78434),(178,177,1.05494),(178,179,1.22017),(178,221,0.981384),(179,136,0.793824),(179,178,1.22017),(179,180,1.31637),(179,222,0.947665),(180,137,1.286),(180,179,1.31637),(180,181,1.18845),(180,223,0.68476),(181,138,1.27028),(181,180,1.18845),(181,182,1.02147),(181,224,1.03241),(182,139,1.22561),(182,181,1.02147),(182,183,0.846053),(182,225,1.01981),(183,140,0.93176),(183,182,0.846053),(183,184,1.00942),(183,226,1.30238),(184,141,0.782359),(184,183,1.00942),(184,185,1.22816),(184,227,1.30227),(185,142,0.981784),(185,184,1.22816),(185,186,1.20832),(185,228,0.973588),(186,143,1.10417),(186,185,1.20832),(186,187,1.14612),(186,229,1.16089),(187,144,1.05557),(187,186,1.14612),(187,188,0.911297),(187,230,0.735348),(188,145,1.08809),(188,187,0.911297),(188,189,1.21446),(188,231,0.967029),(189,146,1.15471),(189,188,1.21446),(189,190,0.817716),(189,232,1.13676),(190,147,1.11437),(190,189,0.817716),(190,191,1.1048),(190,233,0.910603),(191,148,0.687101),(191,190,1.1048),(191,192,1.1261),(191,234,0.856397),(192,149,1.0765),(192,191,1.1261),(192,193,0.936126),(192,235,1.27713),(193,150,1.22867),(193,192,0.936126),(193,194,0.812662),(193,236,0.878792),(194,151,0.957418),(194,193,0.812662),(194,195,1.32271),(194,237,0.868232),(195,152,1.30457),(195,194,1.32271),(195,196,1.10004),(195,238,1.30098),(196,153,0.984416),(196,195,1.10004),(196,197,0.959961),(196,239,1.09139),(197,154,1.16944),(197,196,0.959961),(197,198,1.21862),(197,240,1.11807),(198,155,0.957121),(198,197,1.21862),(198,199,1.28117),(198,241,1.31135),(199,156,1.24201),(199,198,1.28117),(199,200,1.20971),(199,242,1.28687),(200,157,1.21246),(200,199,1.20971),(200,201,1.23385),(200,243,1.17923),(201,158,1.10492),(201,200,1.23385),(201,202,0.738073),(201,244,0.956005),(202,159,1.17873),(202,201,0.738073),(202,203,0.772206),(202,245,1.14949),(203,160,1.15075),(203,202,0.772206),(203,204,1.01669),(203,246,1.2988),(204,161,0.930346),(204,203,1.01669),(204,205,1.16853),(204,247,0.808993),(205,162,0.673116),(205,204,1.16853),(205,206,1.15664),(205,248,1.07692),(206,163,0.733451),(206,205,1.15664),(206,207,1.25767),(206,249,1.0922),(207,164,1.16485),(207,206,1.25767),(207,208,1.11124),(207,250,0.766254),(208,165,1.15178),(208,207,1.11124),(208,209,0.791242),(208,251,0.945125),(209,166,0.901057),(209,208,0.791242),(209,210,1.15097),(209,252,1.132),(210,167,1.1657),(210,209,1.15097),(210,211,0.752217),(210,253,1.30258),(211,168,0.929793),(211,210,0.752217),(211,212,0.726173),(211,254,1.18597),(212,169,1.02341),(212,211,0.726173),(212,213,0.867673),(212,255,0.73486),(213,170,1.04021),(213,212,0.867673),(213,256,1.08555),(216,173,0.98995),(216,217,1.26673),(216,259,1.16516),(217,174,1.10489),(217,216,1.26673),(217,218,0.697276),(217,260,0.907845),(218,175,0.878155),(218,217,0.697276),(218,219,1.08916),(218,261,1.07163),(219,176,1.31383),(219,218,1.08916),(219,220,0.982696),(219,262,0.69781),(220,177,0.81511),(220,219,0.982696),(220,221,0.788373),(220,263,1.29558),(221,178,0.981384),(221,220,0.788373),(221,222,0.958721),(221,264,1.19148),(222,179,0.947665),(222,221,0.958721),(222,223,0.944872),(222,265,0.95434),(223,180,0.68476),(223,222,0.944872),(223,224,0.778955),(223,266,1.03205),(224,181,1.03241),(224,223,0.778955),(224,225,1.00474),(224,267,1.04146),(225,182,1.01981),(225,224,1.00474),(225,226,0.67583),(225,268,1.07974),(226,183,1.30238),(226,225,0.67583),(226,227,1.04448),(226,269,1.07663),(227,184,1.30227),(227,226,1.04448),(227,228,0.851946),(227,270,1.20752),(228,185,0.973588),(228,227,0.851946),(228,229,0.680483),(228,271,1.23467),(229,186,1.16089),(229,228,0.680483),(229,230,1.09828),(229,272,0.749758),(230,187,0.735348),(230,229,1.09828),(230,231,1.198),(230,273,1.18642),(231,188,0.967029),(231,230,1.198),(231,232,0.886202),(231,274,0.683857),(232,189,1.13676),(232,231,0.886202),(232,233,0.709057),(232,275,0.89906),(233,190,0.910603),(233,232,0.709057),(233,234,0.800859),(233,276,1.2598),(234,191,0.856397),(234,233,0.800859),(234,235,0.980745),(234,277,0.993721),(235,192,1.27713),(235,234,0.980745),(235,236,1.13372),(235,278,0.951345),(236,193,0.878792),(236,235,1.13372),(236,237,1.26946),(236,279,0.734128),(237,194,0.868232),(237,236,1.26946),(237,238,0.824547),(237,280,1.26346),(238,195,1.30098),(238,237,0.824547),(238,239,0.875669),(238,281,0.785129),(239,196,1.09139),(239,238,0.875669),(239,240,1.23959),(239,282,0.890955),(240,197,1.11807),(240,239,1.23959),(240,241,0.773656),(240,283,0.990242),(241,198,1.31135),(241,240,0.773656),(241,242,0.974955),(241,284,0.814465),(242,199,1.28687),(242,241,0.974955),(242,243,1.28336),(242,285,0.696846),(243,200,1.17923),(243,242,1.28336),(243,244,1.09019),(243,286,0.842608),(244,201,0.956005),(244,243,1.09019),(244,245,1.0919),(244,287,0.800867),(245,202,1.14949),(245,244,1.0919),(245,246,1.23863),(245,288,0.728028),(246,203,1.2988),(246,245,1.23863),(246,247,1.19969),(246,289,1.19443),(247,204,0.808993),(247,246,1.19969),(247,248,0.978097),(247,290,0.888979),(248,205,1.07692),(248,247,0.978097),(248,249,1.11793),(248,291,0.87104),(249,206,1.0922),(249,248,1.11793),(249,250,0.764709),(249,292,1.22082),(250,207,0.766254),(250,249,0.764709),(250,251,1.03378),(250,293,0.821746),(251,208,0.945125),(251,250,1.03378),(251,252,0.73092),(251,294,1.18668),(252,209,1.132),(252,251,0.73092),(252,253,0.990527),(252,295,1.32992),(253,210,1.30258),(253,252,0.990527),(253,254,0.726305),(253,296,0.932253),(254,211,1.18597),(254,253,0.726305),(254,255,0.725083),(254,297,1.24659),(255,212,0.73486),(255,254,0.725083),(255,256,1.21018),(255,298,0.933638),(256,213,1.08555),(256,255,1.21018),(256,299,1.13315),(259,216,1.16516),(259,260,0.868562),(259,302,1.28206),(260,217,0.907845),(260,259,0.868562),(260,261,0.868522),(260,303,1.32198),(261,218,1.07163),(261,260,0.868522),(261,262,1.28232),(261,304,1.18278),(262,219,0.69781),(262,261,1.28232),(262,263,0.872397),(262,305,1.05438),(263,220,1.29558),(263,262,0.872397),(263,264,1.19478),(263,306,0.859365),(264,221,1.19148),(264,263,1.19478),(264,265,0.824005),(264,307,1.16643),(265,222,0.95434),(265,264,0.824005),(265,266,0.7786),(265,308,1.31214),(266,223,1.03205),(266,265,0.7786),(266,267,1.16532),(266,309,1.24042),(267,224,1.04146),(267,266,1.16532),(267,268,1.24348),(267,310,0.858527),(268,225,1.07974),(268,267,1.24348),(268,269,1.26262),(268,311,0.709061),(269,226,1.07663),(269,268,1.26262),(269,270,1.269),(269,312,1.17659),(270,227,1.20752),(270,269,1.269),(270,271,0.983067),(270,313,1.19271),(271,228,1.23467),(271,270,0.983067),(271,272,0.694271),(271,314,1.01248),(272,229,0.749758),(272,271,0.694271),(272,273,0.914113),(272,315,1.14217),(273,230,1.18642),(273,272,0.914113),(273,274,1.14743),(273,316,0.910156),(274,231,0.683857),(274,273,1.14743),(274,275,1.27215),(274,317,1.12334),(275,232,0.89906),(275,274,1.27215),(275,276,1.14558),(275,318,0.675013),(276,233,1.2598),(276,275,1.14558),(276,277,0.912501),(276,319,0.941222),(277,234,0.993721),(277,276,0.912501),(277,278,0.749811),(277,320,1.01813),(278,235,0.951345),(278,277,0.749811),(278,279,1.22703),(278,321,1.27568),(279,236,0.734128),(279,278,1.22703),(279,280,0.941362),(279,322,0.704378),(280,237,1.26346),(280,279,0.941362),(280,281,0.863271),(280,323,0.88947),(281,238,0.785129),(281,280,0.863271),(281,282,1.2465),(281,324,1.32462),(282,239,0.890955),(282,281,1.2465),(282,283,0.700598),(282,325,1.2634),(283,240,0.990242),(283,282,0.700598),(283,284,0.878169),(283,326,0.792382),(284,241,0.814465),(284,283,0.878169),(284,285,0.730352),(284,327,1.0503),(285,242,0.696846),(285,284,0.730352),(285,286,1.09819),(285,328,1.10342),(286,243,0.842608),(286,285,1.09819),(286,287,1.16173),(286,329,1.2772),(287,244,0.800867),(287,286,1.16173),(287,288,0.888149),(287,330,1.12132),(288,245,0.728028),(288,287,0.888149),(288,289,1.23309),(288,331,0.91294),(289,246,1.19443),(289,288,1.23309),(289,290,0.676579),(289,332,1.2233),(290,247,0.888979),(290,289,0.676579),(290,291,0.845271),(290,333,1.32716),(291,248,0.87104),(291,290,0.845271),(291,292,0.734358),(291,334,1.0469),(292,249,1.22082),(292,291,0.734358),(292,293,0.828391),(292,335,1.19268),(293,250,0.821746),(293,292,0.828391),(293,294,0.704299),(293,336,0.917014),(294,251,1.18668),(294,293,0.704299),(294,295,1.31305),(294,337,0.987174),(295,252,1.32992),(295,294,1.31305),(295,296,1.00356),(295,338,1.24615),(296,253,0.932253),(296,295,1.00356),(296,297,1.3254),(296,339,0.832131),(297,254,1.24659),(297,296,1.3254),(297,298,0.839755),(297,340,0.933756),(298,255,0.933638),(298,297,0.839755),(298,299,1.27069),(298,341,0.685647),(299,256,1.13315),(299,298,1.27069),(299,342,0.82309),(302,259,1.28206),(302,303,1.31416),(302,345,1.29603),(303,260,1.32198),(303,302,1.31416),(303,304,1.20927),(303,346,0.979531),(304,261,1.18278),(304,303,1.20927),(304,305,0.800867),(304,347,0.849173),(305,262,1.05438),(305,304,0.800867),(305,306,0.928644),(305,348,0.781861),(306,263,0.859365),(306,305,0.928644),(306,307,0.718203),(306,349,0.832457),(307,264,1.16643),(307,306,0.718203),(307,308,1.05047),(307,350,0.979229),(308,265,1.31214),(308,307,1.05047),(308,309,0.827819),(308,351,0.672307),(309,266,1.24042),(309,308,0.827819),(309,310,1.24541),(309,352,1.31377),(310,267,0.858527),(310,309,1.24541),(310,311,0.926098),(310,353,1.27399),(311,268,0.709061),(311,310,0.926098),(311,312,1.32016),(311,354,0.76709),(312,269,1.17659),(312,311,1.32016),(312,313,1.0572),(312,355,1.31247),(313,270,1.19271),(313,312,1.0572),(313,314,0.920319),(313,356,0.782234),(314,271,1.01248),(314,313,0.920319),(314,315,1.23925),(314,357,1.26738),(315,272,1.14217),(315,314,1.23925),(315,316,0.753826),(315,358,1.12592),(316,273,0.910156),(316,315,0.753826),(316,317,1.26224),(316,359,0.771035),(317,274,1.12334),(317,316,1.26224),(317,318,1.29852),(317,360,1.05601),(318,275,0.675013),(318,317,1.29852),(318,319,1.12456),(318,361,1.13949),(319,276,0.941222),(319,318,1.12456),(319,320,0.852875),(319,362,0.817629),(320,277,1.01813),(320,319,0.852875),(320,321,0.9343),(320,363,1.24104),(321,278,1.27568),(321,320,0.9343),(321,322,1.03629),(321,364,1.03267),(322,279,0.704378),(322,321,1.03629),(322,323,1.22471),(322,365,1.20817),(323,280,0.88947),(323,322,1.22471),(323,324,0.86602),(323,366,1.0543),(324,281,1.32462),(324,323,0.86602),(324,325,1.10864),(324,367,0.826033),(325,282,1.2634),(325,324,1.10864),(325,326,1.1713),(325,368,0.719107),(326,283,0.792382),(326,325,1.1713),(326,327,0.830997),(326,369,1.26406),(327,284,1.0503),(327,326,0.830997),(327,328,0.774075),(327,370,0.985073),(328,285,1.10342),(328,327,0.774075),(328,329,1.13697),(328,371,0.947918),(329,286,1.2772),(329,328,1.13697),(329,330,0.813836),(329,372,0.721309),(330,287,1.12132),(330,329,0.813836),(330,331,0.721039),(330,373,1.26818),(331,288,0.91294),(331,330,0.721039),(331,332,0.795105),(331,374,1.01196),(332,289,1.2233),(332,331,0.795105),(332,333,0.865375),(332,375,1.02012),(333,290,1.32716),(333,332,0.865375),(333,334,1.04326),(333,376,1.21288),(334,291,1.0469),(334,333,1.04326),(334,335,1.12268),(334,377,0.94681),(335,292,1.19268),(335,334,1.12268),(335,336,1.07651),(335,378,1.20583),(336,293,0.917014),(336,335,1.07651),(336,337,0.966578),(336,379,0.822543),(337,294,0.987174),(337,336,0.966578),(337,338,1.27263),(337,380,1.14632),(338,295,1.24615),(338,337,1.27263),(338,339,0.945116),(338,381,1.10944),(339,296,0.832131),(339,338,0.945116),(339,340,0.796348),(339,382,0.802562),(340,297,0.933756),(340,339,0.796348),(340,341,0.770973),(340,383,1.32971),(341,298,0.685647),(341,340,0.770973),(341,342,0.989516),(341,384,1.10075),(342,299,0.82309),(342,341,0.989516),(342,385,0.765284),(345,302,1.29603),(345,346,1.29806),(345,388,0.710812),(346,303,0.979531),(346,345,1.29806),(346,347,1.05241),(346,389,0.753717),(347,304,0.849173),(347,346,1.05241),(347,348,1.26383),(347,390,1.03212),(348,305,0.781861),(348,347,1.26383),(348,349,0.672841),(348,391,1.11386),(349,306,0.832457),(349,348,0.672841),(349,350,0.952692),(349,392,0.734622),(350,307,0.979229),(350,349,0.952692),(350,351,1.06864),(350,393,1.28828),(351,308,0.672307),(351,350,1.06864),(351,352,1.29641),(351,394,1.10671),(352,309,1.31377),(352,351,1.29641),(352,353,1.21339),(352,395,1.29472),(353,310,1.27399),(353,352,1.21339),(353,354,0.682556),(353,396,1.31692),(354,311,0.76709),(354,353,0.682556),(354,355,1.32033),(354,397,1.27492),(355,312,1.31247),(355,354,1.32033),(355,356,0.872333),(355,398,0.866825),(356,313,0.782234),(356,355,0.872333),(356,357,1.22301),(356,399,0.695168),(357,314,1.26738),(357,356,1.22301),(357,358,0.878337),(357,400,0.87249),(358,315,1.12592),(358,357,0.878337),(358,359,0.961729),(358,401,0.695596),(359,316,0.771035),(359,358,0.961729),(359,360,0.836907),(359,402,0.944939),(360,317,1.05601),(360,359,0.836907),(360,361,1.03493),(360,403,1.01085),(361,318,1.13949),(361,360,1.03493),(361,362,0.837091),(361,404,1.30393),(362,319,0.817629),(362,361,0.837091),(362,363,0.708595),(362,405,0.696685),(363,320,1.24104),(363,362,0.708595),(363,364,1.19506),(363,406,1.03796),(364,321,1.03267),(364,363,1.19506),(364,365,1.191),(364,407,0.812953),(365,322,1.20817),(365,364,1.191),(365,366,0.744799),(365,408,0.796402),(366,323,1.0543),(366,365,0.744799),(366,367,0.95314),(366,409,0.820287),(367,324,0.826033),(367,366,0.95314),(367,368,1.12755),(367,410,0.933168),(368,325,0.719107),(368,367,1.12755),(368,369,0.87073),(368,411,0.681297),(369,326,1.26406),(369,368,0.87073),(369,370,1.1563),(369,412,0.869496),(370,327,0.985073),(370,369,1.1563),(370,371,1.32703),(370,413,0.667352),(371,328,0.947918),(371,370,1.32703),(371,372,1.16532),(371,414,0.742901),(372,329,0.721309),(372,371,1.16532),(372,373,0.846846),(372,415,1.30629),(373,330,1.26818),(373,372,0.846846),(373,374,1.30711),(373,416,0.856214),(374,331,1.01196),(374,373,1.30711),(374,375,0.881477),(374,417,1.30919),(375,332,1.02012),(375,374,0.881477),(375,376,1.02124),(375,418,0.692516),(376,333,1.21288),(376,375,1.02124),(376,377,1.12093),(376,419,1.31019),(377,334,0.94681),(377,376,1.12093),(377,378,0.716553),(377,420,0.864788),(378,335,1.20583),(378,377,0.716553),(378,379,1.19277),(378,421,0.745599),(379,336,0.822543),(379,378,1.19277),(379,380,0.717538),(379,422,0.712454),(380,337,1.14632),(380,379,0.717538),(380,381,1.31303),(380,423,1.24176),(381,338,1.10944),(381,380,1.31303),(381,382,1.15722),(381,424,1.11437),(382,339,0.802562),(382,381,1.15722),(382,383,0.745361),(382,425,1.09851),(383,340,1.32971),(383,382,0.745361),(383,384,0.823394),(383,426,1.05119),(384,341,1.10075),(384,383,0.823394),(384,385,0.72514),(384,427,1.27332),(385,342,0.765284),(385,384,0.72514),(385,428,0.933574),(388,345,0.710812),(388,389,0.760714),(388,431,0.779695),(389,346,0.753717),(389,388,0.760714),(389,390,0.988109),(389,432,1.32272),(390,347,1.03212),(390,389,0.988109),(390,391,0.891969),(390,433,1.11369),(391,348,1.11386),(391,390,0.891969),(391,392,0.924319),(391,434,0.682223),(392,349,0.734622),(392,391,0.924319),(392,393,0.78486),(392,435,1.02691),(393,350,1.28828),(393,392,0.78486),(393,394,1.29404),(393,436,0.830783),(394,351,1.10671),(394,393,1.29404),(394,395,0.741909),(394,437,1.30347),(395,352,1.29472),(395,394,0.741909),(395,396,0.715405),(395,438,0.733371),(396,353,1.31692),(396,395,0.715405),(396,397,1.12389),(396,439,0.898608),(397,354,1.27492),(397,396,1.12389),(397,398,0.811552),(397,440,1.08556),(398,355,0.866825),(398,397,0.811552),(398,399,1.26865),(398,441,1.02239),(399,356,0.695168),(399,398,1.26865),(399,400,1.25264),(399,442,1.03612),(400,357,0.87249),(400,399,1.25264),(400,401,1.14458),(400,443,0.835572),(401,358,0.695596),(401,400,1.14458),(401,402,1.1743),(401,444,0.763613),(402,359,0.944939),(402,401,1.1743),(402,403,1.26515),(402,445,1.3247),(403,360,1.01085),(403,402,1.26515),(403,404,1.07355),(403,446,0.8197),(404,361,1.30393),(404,403,1.07355),(404,405,1.03504),(404,447,0.752746),(405,362,0.696685),(405,404,1.03504),(405,406,1.31619),(405,448,1.2221),(406,363,1.03796),(406,405,1.31619),(406,407,1.30842),(406,449,1.05529),(407,364,0.812953),(407,406,1.30842),(407,408,1.30079),(407,450,0.693898),(408,365,0.796402),(408,407,1.30079),(408,409,0.825286),(408,451,1.13579),(409,366,0.820287),(409,408,0.825286),(409,410,1.24514),(409,452,1.12526),(410,367,0.933168),(410,409,1.24514),(410,411,0.775115),(410,453,1.31646),(411,368,0.681297),(411,410,0.775115),(411,412,1.32003),(411,454,0.837749),(412,369,0.869496),(412,411,1.32003),(412,413,0.896639),(412,455,0.743499),(413,370,0.667352),(413,412,0.896639),(413,414,0.694431),(413,456,0.925666),(414,371,0.742901),(414,413,0.694431),(414,415,1.16828),(414,457,1.3146),(415,372,1.30629),(415,414,1.16828),(415,416,0.762076),(415,458,0.772346),(416,373,0.856214),(416,415,0.762076),(416,417,0.681753),(416,459,0.718427),(417,374,1.30919),(417,416,0.681753),(417,418,1.31297),(417,460,1.06667),(418,375,0.692516),(418,417,1.31297),(418,419,0.740443),(418,461,1.2951),(419,376,1.31019),(419,418,0.740443),(419,420,0.837982),(419,462,1.06756),(420,377,0.864788),(420,419,0.837982),(420,421,1.04226),(420,463,0.784773),(421,378,0.745599),(421,420,1.04226),(421,422,0.884526),(421,464,0.853899),(422,379,0.712454),(422,421,0.884526),(422,423,0.911236),(422,465,1.27746),(423,380,1.24176),(423,422,0.911236),(423,424,0.703632),(423,466,1.05373),(424,381,1.11437),(424,423,0.703632),(424,425,0.945974),(424,467,0.883162),(425,382,1.09851),(425,424,0.945974),(425,426,1.219),(425,468,0.877056),(426,383,1.05119),(426,425,1.219),(426,427,0.811006),(426,469,1.0444),(427,384,1.27332),(427,426,0.811006),(427,428,1.30931),(427,470,0.89237),(428,385,0.933574),(428,427,1.30931),(428,471,0.748272),(431,388,0.779695),(431,432,1.1984),(431,474,0.782448),(432,389,1.32272),(432,431,1.1984),(432,433,0.981568),(432,475,1.16254),(433,390,1.11369),(433,432,0.981568),(433,434,0.769523),(433,476,1.10976),(434,391,0.682223),(434,433,0.769523),(434,435,0.994368),(434,477,0.696177),(435,392,1.02691),(435,434,0.994368),(435,436,0.973353),(435,478,0.919933),(436,393,0.830783),(436,435,0.973353),(436,437,0.958958),(436,479,0.754119),(437,394,1.30347),(437,436,0.958958),(437,438,0.706124),(437,480,0.794408),(438,395,0.733371),(438,437,0.706124),(438,439,0.945039),(438,481,1.26594),(439,396,0.898608),(439,438,0.945039),(439,440,1.16631),(439,482,0.854353),(440,397,1.08556),(440,439,1.16631),(440,441,1.05388),(440,483,0.908453),(441,398,1.02239),(441,440,1.05388),(441,442,1.04137),(441,484,1.20486),(442,399,1.03612),(442,441,1.04137),(442,443,0.81893),(442,485,1.02195),(443,400,0.835572),(443,442,0.81893),(443,444,1.27541),(443,486,0.771013),(444,401,0.763613),(444,443,1.27541),(444,445,1.10625),(444,487,0.796478),(445,402,1.3247),(445,444,1.10625),(445,446,1.07826),(445,488,0.789702),(446,403,0.8197),(446,445,1.07826),(446,447,0.815392),(446,489,1.07848),(447,404,0.752746),(447,446,0.815392),(447,448,1.24789),(447,490,0.964861),(448,405,1.2221),(448,447,1.24789),(448,449,0.870551),(448,491,0.851086),(449,406,1.05529),(449,448,0.870551),(449,450,0.949572),(449,492,1.14581),(450,407,0.693898),(450,449,0.949572),(450,451,1.25305),(450,493,0.999469),(451,408,1.13579),(451,450,1.25305),(451,452,1.26015),(451,494,0.828034),(452,409,1.12526),(452,451,1.26015),(452,453,0.829451),(452,495,0.73963),(453,410,1.31646),(453,452,0.829451),(453,454,1.18655),(453,496,1.15629),(454,411,0.837749),(454,453,1.18655),(454,455,1.33067),(454,497,1.15033),(455,412,0.743499),(455,454,1.33067),(455,456,1.08094),(455,498,0.848944),(456,413,0.925666),(456,455,1.08094),(456,457,1.03266),(456,499,1.12749),(457,414,1.3146),(457,456,1.03266),(457,458,0.868535),(457,500,1.12853),(458,415,0.772346),(458,457,0.868535),(458,459,1.27755),(458,501,1.32933),(459,416,0.718427),(459,458,1.27755),(459,460,1.17835),(459,502,1.20521),(460,417,1.06667),(460,459,1.17835),(460,461,0.691527),(460,503,1.06457),(461,418,1.2951),(461,460,0.691527),(461,462,1.184),(461,504,1.20222),(462,419,1.06756),(462,461,1.184),(462,463,0.757761),(462,505,1.05029),(463,420,0.784773),(463,462,0.757761),(463,464,1.04218),(463,506,1.24595),(464,421,0.853899),(464,463,1.04218),(464,465,0.909584),(464,507,1.13417),(465,422,1.27746),(465,464,0.909584),(465,466,1.17611),(465,508,1.23339),(466,423,1.05373),(466,465,1.17611),(466,467,1.27138),(466,509,1.12692),(467,424,0.883162),(467,466,1.27138),(467,468,1.11216),(467,510,1.26377),(468,425,0.877056),(468,467,1.11216),(468,469,1.17528),(468,511,1.19601),(469,426,1.0444),(469,468,1.17528),(469,470,1.05994),(469,512,0.928317),(470,427,0.89237),(470,469,1.05994),(470,471,1.07089),(470,513,1.07353),(471,428,0.748272),(471,470,1.07089),(471,514,0.901519),(474,431,0.782448),(474,475,0.772501),(474,517,0.709047),(475,432,1.16254),(475,474,0.772501),(475,476,0.701001),(475,518,1.18542),(476,433,1.10976),(476,475,0.701001),(476,477,1.22934),(476,519,0.801193),(477,434,0.696177),(477,476,1.22934),(477,478,1.17398),(477,520,0.666792),(478,435,0.919933),(478,477,1.17398),(478,479,0.925352),(478,521,0.695982),(479,436,0.754119),(479,478,0.925352),(479,480,0.825773),(479,522,1.3322),(480,437,0.794408),(480,479,0.825773),(480,481,1.32496),(480,523,0.923579),(481,438,1.26594),(481,480,1.32496),(481,482,0.796311),(481,524,1.30368),(482,439,0.854353),(482,481,0.796311),(482,483,1.2531),(482,525,1.18669),(483,440,0.908453),(483,482,1.2531),(483,484,0.874191),(483,526,0.814479),(484,441,1.20486),(484,483,0.874191),(484,485,1.0942),(484,527,1.01805),(485,442,1.02195),(485,484,1.0942),(485,486,1.3057),(485,528,1.32634),(486,443,0.771013),(486,485,1.3057),(486,487,1.22872),(486,529,1.11694),(487,444,0.796478),(487,486,1.22872),(487,488,1.10293),(487,530,1.13695),(488,445,0.789702),(488,487,1.10293),(488,489,1.1428),(488,531,0.877064),(489,446,1.07848),(489,488,1.1428),(489,490,0.758726),(489,532,1.16801),(490,447,0.964861),(490,489,0.758726),(490,491,0.831874),(490,533,1.02965),(491,448,0.851086),(491,490,0.831874),(491,492,0.777829),(491,534,0.733078),(492,449,1.14581),(492,491,0.777829),(492,493,1.14273),(492,535,1.12514),(493,450,0.999469),(493,492,1.14273),(493,494,0.936683),(493,536,0.989927),(494,451,0.828034),(494,493,0.936683),(494,495,1.33057),(494,537,1.32702),(495,452,0.73963),(495,494,1.33057),(495,496,1.16876),(495,538,1.16403),(496,453,1.15629),(496,495,1.16876),(496,497,0.834675),(496,539,0.804148),(497,454,1.15033),(497,496,0.834675),(497,498,1.02579),(497,540,0.69731),(498,455,0.848944),(498,497,1.02579),(498,499,1.19879),(498,541,0.927576),(499,456,1.12749),(499,498,1.19879),(499,500,1.03399),(499,542,1.18628),(500,457,1.12853),(500,499,1.03399),(500,501,0.89546),(500,543,0.939351),(501,458,1.32933),(501,500,0.89546),(501,502,0.814181),(501,544,0.989356),(502,459,1.20521),(502,501,0.814181),(502,503,1.00235),(502,545,0.821236),(503,460,1.06457),(503,502,1.00235),(503,504,0.82183),(503,546,1.28603),(504,461,1.20222),(504,503,0.82183),(504,505,1.01504),(504,547,0.843288),(505,462,1.05029),(505,504,1.01504),(505,506,0.801219),(505,548,0.898292),(506,463,1.24595),(506,505,0.801219),(506,507,1.31102),(506,549,0.871765),(507,464,1.13417),(507,506,1.31102),(507,508,0.979136),(507,550,1.08118),(508,465,1.23339),(508,507,0.979136),(508,509,0.930337),(508,551,1.30079),(509,466,1.12692),(509,508,0.930337),(509,510,1.29481),(509,552,0.84864),(510,467,1.26377),(510,509,1.29481),(510,511,0.815839),(510,553,1.18173),(511,468,1.19601),(511,510,0.815839),(511,512,1.08689),(511,554,1.20979),(512,469,0.928317),(512,511,1.08689),(512,513,1.07571),(512,555,0.813611),(513,470,1.07353),(513,512,1.07571),(513,514,1.1776),(513,556,1.3123),(514,471,0.901519),(514,513,1.1776),(514,557,1.31964),(517,474,0.709047),(517,518,1.16984),(517,560,1.00497),(518,475,1.18542),(518,517,1.16984),(518,519,1.14292),(518,561,0.818252),(519,476,0.801193),(519,518,1.14292),(519,520,0.900428),(519,562,1.11204),(520,477,0.666792),(520,519,0.900428),(520,521,0.826157),(520,563,0.826918),(521,478,0.695982),(521,520,0.826157),(521,522,1.32498),(521,564,1.18021),(522,479,1.3322),(522,521,1.32498),(522,523,1.0206),(522,565,0.805352),(523,480,0.923579),(523,522,1.0206),(523,524,1.30972),(523,566,0.836379),(524,481,1.30368),(524,523,1.30972),(524,525,0.748725),(524,567,1.10813),(525,482,1.18669),(525,524,0.748725),(525,526,1.33151),(525,568,0.827047),(526,483,0.814479),(526,525,1.33151),(526,527,0.797984),(526,569,1.08965),(527,484,1.01805),(527,526,0.797984),(527,528,0.990654),(527,570,0.697976),(528,485,1.32634),(528,527,0.990654),(528,529,0.827243),(528,571,1.06652),(529,486,1.11694),(529,528,0.827243),(529,530,0.998306),(529,572,0.916555),(530,487,1.13695),(530,529,0.998306),(530,531,0.748791),(530,573,0.749947),(531,488,0.877064),(531,530,0.748791),(531,532,1.25971),(531,574,0.976378),(532,489,1.16801),(532,531,1.25971),(532,533,1.16256),(532,575,1.23417),(533,490,1.02965),(533,532,1.16256),(533,534,1.23533),(533,576,0.763872),(534,491,0.733078),(534,533,1.23533),(534,535,1.13807),(534,577,0.906273),(535,492,1.12514),(535,534,1.13807),(535,536,1.19265),(535,578,0.752566),(536,493,0.989927),(536,535,1.19265),(536,537,0.718215),(536,579,0.71127),(537,494,1.32702),(537,536,0.718215),(537,538,1.29887),(537,580,1.0236),(538,495,1.16403),(538,537,1.29887),(538,539,0.824715),(538,581,1.28716),(539,496,0.804148),(539,538,0.824715),(539,540,0.872258),(539,582,1.21443),(540,497,0.69731),(540,539,0.872258),(540,541,0.710529),(540,583,0.775516),(541,498,0.927576),(541,540,0.710529),(541,542,1.01205),(541,584,0.8174),(542,499,1.18628),(542,541,1.01205),(542,543,1.10716),(542,585,0.702438),(543,500,0.939351),(543,542,1.10716),(543,544,0.835607),(543,586,1.04105),(544,501,0.989356),(544,543,0.835607),(544,545,0.843732),(544,587,1.05111),(545,502,0.821236),(545,544,0.843732),(545,546,1.19542),(545,588,1.02566),(546,503,1.28603),(546,545,1.19542),(546,547,1.21137),(546,589,0.983297),(547,504,0.843288),(547,546,1.21137),(547,548,0.759909),(547,590,1.24478),(548,505,0.898292),(548,547,0.759909),(548,549,1.24628),(548,591,0.893025),(549,506,0.871765),(549,548,1.24628),(549,550,0.912623),(549,592,1.18425),(550,507,1.08118),(550,549,0.912623),(550,551,1.08068),(550,593,0.819518),(551,508,1.30079),(551,550,1.08068),(551,552,0.711439),(551,594,0.90144),(552,509,0.84864),(552,551,0.711439),(552,553,0.801042),(552,595,0.905774),(553,510,1.18173),(553,552,0.801042),(553,554,0.976076),(553,596,1.06239),(554,511,1.20979),(554,553,0.976076),(554,555,1.22442),(554,597,1.27326),(555,512,0.813611),(555,554,1.22442),(555,556,1.31713),(555,598,0.859946),(556,513,1.3123),(556,555,1.31713),(556,557,1.16686),(556,599,1.02341),(557,514,1.31964),(557,556,1.16686),(557,600,0.690377),(560,517,1.00497),(560,561,0.683561),(560,603,0.953273),(561,518,0.818252),(561,560,0.683561),(561,562,1.28777),(561,604,0.992297),(562,519,1.11204),(562,561,1.28777),(562,563,0.991483),(562,605,1.0063),(563,520,0.826918),(563,562,0.991483),(563,564,0.895601),(563,606,1.13299),(564,521,1.18021),(564,563,0.895601),(564,565,1.10547),(564,607,1.18867),(565,522,0.805352),(565,564,1.10547),(565,566,1.2822),(565,608,1.03128),(566,523,0.836379),(566,565,1.2822),(566,567,1.05409),(566,609,1.11861),(567,524,1.10813),(567,566,1.05409),(567,568,0.698063),(567,610,1.01464),(568,525,0.827047),(568,567,0.698063),(568,569,1.15808),(568,611,1.14815),(569,526,1.08965),(569,568,1.15808),(569,570,0.748932),(569,612,0.733559),(570,527,0.697976),(570,569,0.748932),(570,571,1.21944),(570,613,1.32138),(571,528,1.06652),(571,570,1.21944),(571,572,0.928903),(571,614,1.11882),(572,529,0.916555),(572,571,0.928903),(572,573,0.887119),(572,615,0.689682),(573,530,0.749947),(573,572,0.887119),(573,574,0.808098),(573,616,1.29909),(574,531,0.976378),(574,573,0.808098),(574,575,1.27805),(574,617,1.2979),(575,532,1.23417),(575,574,1.27805),(575,576,0.784178),(575,618,1.09513),(576,533,0.763872),(576,575,0.784178),(576,577,1.15842),(576,619,1.10206),(577,534,0.906273),(577,576,1.15842),(577,578,1.10437),(577,620,1.10812),(578,535,0.752566),(578,577,1.10437),(578,579,1.15073),(578,621,1.02385),(579,536,0.71127),(579,578,1.15073),(579,580,0.942144),(579,622,1.0332),(580,537,1.0236),(580,579,0.942144),(580,581,0.674666),(580,623,0.83774),(581,538,1.28716),(581,580,0.674666),(581,582,0.962421),(581,624,0.773201),(582,539,1.21443),(582,581,0.962421),(582,583,0.721918),(582,625,0.674481),(583,540,0.775516),(583,582,0.721918),(583,584,0.91845),(583,626,0.908333),(584,541,0.8174),(584,583,0.91845),(584,585,1.08732),(584,627,0.756294),(585,542,0.702438),(585,584,1.08732),(585,586,0.734239),(585,628,0.798123),(586,543,1.04105),(586,585,0.734239),(586,587,0.91108),(586,629,0.97503),(587,544,1.05111),(587,586,0.91108),(587,588,1.25782),(587,630,1.03767),(588,545,1.02566),(588,587,1.25782),(588,589,0.832298),(588,631,1.11936),(589,546,0.983297),(589,588,0.832298),(589,590,1.01981),(589,632,1.16859),(590,547,1.24478),(590,589,1.01981),(590,591,1.15946),(590,633,1.0803),(591,548,0.893025),(591,590,1.15946),(591,592,0.759087),(591,634,1.15743),(592,549,1.18425),(592,591,0.759087),(592,593,1.17084),(592,635,1.00789),(593,550,0.819518),(593,592,1.17084),(593,594,1.16058),(593,636,1.14162),(594,551,0.90144),(594,593,1.16058),(594,595,0.942548),(594,637,0.756432),(595,552,0.905774),(595,594,0.942548),(595,596,0.740847),(595,638,1.0214),(596,553,1.06239),(596,595,0.740847),(596,597,1.10634),(596,639,1.27312),(597,554,1.27326),(597,596,1.10634),(597,598,0.968464),(597,640,0.932667),(598,555,0.859946),(598,597,0.968464),(598,599,1.33085),(598,641,1.1434),(599,556,1.02341),(599,598,1.33085),(599,600,1.28477),(599,642,0.82274),(600,557,0.690377),(600,599,1.28477),(600,643,0.761288),(603,560,0.953273),(603,604,1.15064),(603,646,1.00486),(604,561,0.992297),(604,603,1.15064),(604,605,0.927264),(604,647,0.826204),(605,562,1.0063),(605,604,0.927264),(605,606,1.23451),(605,648,1.22367),(606,563,1.13299),(606,605,1.23451),(606,607,1.14411),(606,649,1.04248),(607,564,1.18867),(607,606,1.14411),(607,608,0.691608),(607,650,0.885526),(608,565,1.03128),(608,607,0.691608),(608,609,0.6961),(608,651,0.96804